    3.0000  140.0000   43.5000    0.0833  862.8417    0.0254    3.8890  163.0000  240.0000  213.3555
    3.0000  135.0000   41.9063    0.0790  690.3291    0.0259    3.8340  167.0000  239.0000  213.7188
    2.0000  126.0000   21.0586    0.0406  308.3583    0.0684    3.1702  174.0000  240.0000  227.5859
    4.0000  197.0000   77.4805    0.0890  874.4709    0.0243    3.9442  155.0000  239.0000  197.2773
    7.0000  193.0000   88.8398    0.0884  810.1126    0.0223    3.9318  150.0000  236.0000  186.0195
    5.0000  190.0000   57.1836    0.0568  388.4958    0.0398    3.5269  135.0000  236.0000  195.3125
    5.0000  144.0000   42.0391    0.0418  250.8750    0.0543    3.2405   94.0000  225.0000  179.1484
    3.0000  130.0000   18.2188    0.0297  180.3792    0.1084    2.8236  155.0000  235.0000  216.5117
    3.0000  136.0000   44.7813    0.0592  433.3792    0.0394    3.5576  152.0000  238.0000  205.6914
    3.0000  124.0000   28.5781    0.0359  234.3500    0.1251    2.8862  159.0000  240.0000  220.0352
    3.0000  187.0000   86.0547    0.0756  624.3583    0.0265    3.7939  150.0000  239.0000  189.0586
    4.0000  191.0000   81.0234    0.0869  787.4542    0.0257    3.8711  150.0000  237.0000  190.6914
    3.0000  169.0000   57.9648    0.0844  802.8417    0.0263    3.8562  153.0000  237.0000  203.0938
    5.0000  187.0000   78.8047    0.0923  883.4042    0.0224    3.9528  151.0000  236.0000  193.2969
    6.0000  181.0000   73.2891    0.0972 1046.5958    0.0217    4.0206  152.0000  234.0000  194.8008